difference() {
	cylinder($fn = 100, $fa = 12, $fs = 2, h = 10, r1 = 5, r2 = 5, center = false);
	multmatrix([[1, 0, 0, 0], [0, 1, 0, 0], [0, 0, 1, -5], [0, 0, 0, 1]]) {
		cylinder($fn = 100, $fa = 12, $fs = 2, h = 20, r1 = 4, r2 = 4, center = false);
	}
	group() {
		group() {
			multmatrix([[1, 0, 0, 0], [0, 1, 0, 0], [0, 0, 1, 1], [0, 0, 0, 1]]) {
				multmatrix([[0, 0, 1, 0], [0, 1, 0, 0], [-1, 0, 0, 0], [0, 0, 0, 1]]) {
					cylinder($fn = 100, $fa = 12, $fs = 2, h = 10, r1 = 0.25, r2 = 0.25, center = false);
				}
			}
			multmatrix([[1, 0, 0, 0], [0, 1, 0, 0], [0, 0, 1, 1], [0, 0, 0, 1]]) {
				multmatrix([[0, -0.309017, 0.951057, 0], [0, 0.951057, 0.309017, 0], [-1, 0, 0, 0], [0, 0, 0, 1]]) {
					cylinder($fn = 100, $fa = 12, $fs = 2, h = 10, r1 = 0.25, r2 = 0.25, center = false);
				}
			}
			multmatrix([[1, 0, 0, 0], [0, 1, 0, 0], [0, 0, 1, 1], [0, 0, 0, 1]]) {
				multmatrix([[0, -0.587785, 0.809017, 0], [0, 0.809017, 0.587785, 0], [-1, 0, 0, 0], [0, 0, 0, 1]]) {
					cylinder($fn = 100, $fa = 12, $fs = 2, h = 10, r1 = 0.25, r2 = 0.25, center = false);
				}
			}
			multmatrix([[1, 0, 0, 0], [0, 1, 0, 0], [0, 0, 1, 1], [0, 0, 0, 1]]) {
				multmatrix([[0, -0.809017, 0.587785, 0], [0, 0.587785, 0.809017, 0], [-1, 0, 0, 0], [0, 0, 0, 1]]) {
					cylinder($fn = 100, $fa = 12, $fs = 2, h = 10, r1 = 0.25, r2 = 0.25, center = false);
				}
			}
			multmatrix([[1, 0, 0, 0], [0, 1, 0, 0], [0, 0, 1, 1], [0, 0, 0, 1]]) {
				multmatrix([[0, -0.951057, 0.309017, 0], [0, 0.309017, 0.951057, 0], [-1, 0, 0, 0], [0, 0, 0, 1]]) {
					cylinder($fn = 100, $fa = 12, $fs = 2, h = 10, r1 = 0.25, r2 = 0.25, center = false);
				}
			}
			multmatrix([[1, 0, 0, 0], [0, 1, 0, 0], [0, 0, 1, 1], [0, 0, 0, 1]]) {
				multmatrix([[0, -1, 0, 0], [0, 0, 1, 0], [-1, 0, 0, 0], [0, 0, 0, 1]]) {
					cylinder($fn = 100, $fa = 12, $fs = 2, h = 10, r1 = 0.25, r2 = 0.25, center = false);
				}
			}
			multmatrix([[1, 0, 0, 0], [0, 1, 0, 0], [0, 0, 1, 1], [0, 0, 0, 1]]) {
				multmatrix([[0, -0.951057, -0.309017, 0], [0, -0.309017, 0.951057, 0], [-1, 0, 0, 0], [0, 0, 0, 1]]) {
					cylinder($fn = 100, $fa = 12, $fs = 2, h = 10, r1 = 0.25, r2 = 0.25, center = false);
				}
			}
			multmatrix([[1, 0, 0, 0], [0, 1, 0, 0], [0, 0, 1, 1], [0, 0, 0, 1]]) {
				multmatrix([[0, -0.809017, -0.587785, 0], [0, -0.587785, 0.809017, 0], [-1, 0, 0, 0], [0, 0, 0, 1]]) {
					cylinder($fn = 100, $fa = 12, $fs = 2, h = 10, r1 = 0.25, r2 = 0.25, center = false);
				}
			}
			multmatrix([[1, 0, 0, 0], [0, 1, 0, 0], [0, 0, 1, 1], [0, 0, 0, 1]]) {
				multmatrix([[0, -0.587785, -0.809017, 0], [0, -0.809017, 0.587785, 0], [-1, 0, 0, 0], [0, 0, 0, 1]]) {
					cylinder($fn = 100, $fa = 12, $fs = 2, h = 10, r1 = 0.25, r2 = 0.25, center = false);
				}
			}
			multmatrix([[1, 0, 0, 0], [0, 1, 0, 0], [0, 0, 1, 1], [0, 0, 0, 1]]) {
				multmatrix([[0, -0.309017, -0.951057, 0], [0, -0.951057, 0.309017, 0], [-1, 0, 0, 0], [0, 0, 0, 1]]) {
					cylinder($fn = 100, $fa = 12, $fs = 2, h = 10, r1 = 0.25, r2 = 0.25, center = false);
				}
			}
			multmatrix([[1, 0, 0, 0], [0, 1, 0, 0], [0, 0, 1, 1], [0, 0, 0, 1]]) {
				multmatrix([[0, 0, -1, 0], [0, -1, 0, 0], [-1, 0, 0, 0], [0, 0, 0, 1]]) {
					cylinder($fn = 100, $fa = 12, $fs = 2, h = 10, r1 = 0.25, r2 = 0.25, center = false);
				}
			}
			multmatrix([[1, 0, 0, 0], [0, 1, 0, 0], [0, 0, 1, 1], [0, 0, 0, 1]]) {
				multmatrix([[0, 0.309017, -0.951057, 0], [0, -0.951057, -0.309017, 0], [-1, 0, 0, 0], [0, 0, 0, 1]]) {
					cylinder($fn = 100, $fa = 12, $fs = 2, h = 10, r1 = 0.25, r2 = 0.25, center = false);
				}
			}
			multmatrix([[1, 0, 0, 0], [0, 1, 0, 0], [0, 0, 1, 1], [0, 0, 0, 1]]) {
				multmatrix([[0, 0.587785, -0.809017, 0], [0, -0.809017, -0.587785, 0], [-1, 0, 0, 0], [0, 0, 0, 1]]) {
					cylinder($fn = 100, $fa = 12, $fs = 2, h = 10, r1 = 0.25, r2 = 0.25, center = false);
				}
			}
			multmatrix([[1, 0, 0, 0], [0, 1, 0, 0], [0, 0, 1, 1], [0, 0, 0, 1]]) {
				multmatrix([[0, 0.809017, -0.587785, 0], [0, -0.587785, -0.809017, 0], [-1, 0, 0, 0], [0, 0, 0, 1]]) {
					cylinder($fn = 100, $fa = 12, $fs = 2, h = 10, r1 = 0.25, r2 = 0.25, center = false);
				}
			}
			multmatrix([[1, 0, 0, 0], [0, 1, 0, 0], [0, 0, 1, 1], [0, 0, 0, 1]]) {
				multmatrix([[0, 0.951057, -0.309017, 0], [0, -0.309017, -0.951057, 0], [-1, 0, 0, 0], [0, 0, 0, 1]]) {
					cylinder($fn = 100, $fa = 12, $fs = 2, h = 10, r1 = 0.25, r2 = 0.25, center = false);
				}
			}
			multmatrix([[1, 0, 0, 0], [0, 1, 0, 0], [0, 0, 1, 1], [0, 0, 0, 1]]) {
				multmatrix([[0, 1, 0, 0], [0, 0, -1, 0], [-1, 0, 0, 0], [0, 0, 0, 1]]) {
					cylinder($fn = 100, $fa = 12, $fs = 2, h = 10, r1 = 0.25, r2 = 0.25, center = false);
				}
			}
			multmatrix([[1, 0, 0, 0], [0, 1, 0, 0], [0, 0, 1, 1], [0, 0, 0, 1]]) {
				multmatrix([[0, 0.951057, 0.309017, 0], [0, 0.309017, -0.951057, 0], [-1, 0, 0, 0], [0, 0, 0, 1]]) {
					cylinder($fn = 100, $fa = 12, $fs = 2, h = 10, r1 = 0.25, r2 = 0.25, center = false);
				}
			}
			multmatrix([[1, 0, 0, 0], [0, 1, 0, 0], [0, 0, 1, 1], [0, 0, 0, 1]]) {
				multmatrix([[0, 0.809017, 0.587785, 0], [0, 0.587785, -0.809017, 0], [-1, 0, 0, 0], [0, 0, 0, 1]]) {
					cylinder($fn = 100, $fa = 12, $fs = 2, h = 10, r1 = 0.25, r2 = 0.25, center = false);
				}
			}
			multmatrix([[1, 0, 0, 0], [0, 1, 0, 0], [0, 0, 1, 1], [0, 0, 0, 1]]) {
				multmatrix([[0, 0.587785, 0.809017, 0], [0, 0.809017, -0.587785, 0], [-1, 0, 0, 0], [0, 0, 0, 1]]) {
					cylinder($fn = 100, $fa = 12, $fs = 2, h = 10, r1 = 0.25, r2 = 0.25, center = false);
				}
			}
			multmatrix([[1, 0, 0, 0], [0, 1, 0, 0], [0, 0, 1, 1], [0, 0, 0, 1]]) {
				multmatrix([[0, 0.309017, 0.951057, 0], [0, 0.951057, -0.309017, 0], [-1, 0, 0, 0], [0, 0, 0, 1]]) {
					cylinder($fn = 100, $fa = 12, $fs = 2, h = 10, r1 = 0.25, r2 = 0.25, center = false);
				}
			}
			multmatrix([[1, 0, 0, 0], [0, 1, 0, 0], [0, 0, 1, 1], [0, 0, 0, 1]]) {
				multmatrix([[0, 0, 1, 0], [0, 1, 0, 0], [-1, 0, 0, 0], [0, 0, 0, 1]]) {
					cylinder($fn = 100, $fa = 12, $fs = 2, h = 10, r1 = 0.25, r2 = 0.25, center = false);
				}
			}
		}
		group() {
			multmatrix([[1, 0, 0, 0], [0, 1, 0, 0], [0, 0, 1, 2], [0, 0, 0, 1]]) {
				multmatrix([[0, 0, 1, 0], [0, 1, 0, 0], [-1, 0, 0, 0], [0, 0, 0, 1]]) {
					cylinder($fn = 100, $fa = 12, $fs = 2, h = 10, r1 = 0.25, r2 = 0.25, center = false);
				}
			}
			multmatrix([[1, 0, 0, 0], [0, 1, 0, 0], [0, 0, 1, 2], [0, 0, 0, 1]]) {
				multmatrix([[0, -0.309017, 0.951057, 0], [0, 0.951057, 0.309017, 0], [-1, 0, 0, 0], [0, 0, 0, 1]]) {
					cylinder($fn = 100, $fa = 12, $fs = 2, h = 10, r1 = 0.25, r2 = 0.25, center = false);
				}
			}
			multmatrix([[1, 0, 0, 0], [0, 1, 0, 0], [0, 0, 1, 2], [0, 0, 0, 1]]) {
				multmatrix([[0, -0.587785, 0.809017, 0], [0, 0.809017, 0.587785, 0], [-1, 0, 0, 0], [0, 0, 0, 1]]) {
					cylinder($fn = 100, $fa = 12, $fs = 2, h = 10, r1 = 0.25, r2 = 0.25, center = false);
				}
			}
			multmatrix([[1, 0, 0, 0], [0, 1, 0, 0], [0, 0, 1, 2], [0, 0, 0, 1]]) {
				multmatrix([[0, -0.809017, 0.587785, 0], [0, 0.587785, 0.809017, 0], [-1, 0, 0, 0], [0, 0, 0, 1]]) {
					cylinder($fn = 100, $fa = 12, $fs = 2, h = 10, r1 = 0.25, r2 = 0.25, center = false);
				}
			}
			multmatrix([[1, 0, 0, 0], [0, 1, 0, 0], [0, 0, 1, 2], [0, 0, 0, 1]]) {
				multmatrix([[0, -0.951057, 0.309017, 0], [0, 0.309017, 0.951057, 0], [-1, 0, 0, 0], [0, 0, 0, 1]]) {
					cylinder($fn = 100, $fa = 12, $fs = 2, h = 10, r1 = 0.25, r2 = 0.25, center = false);
				}
			}
			multmatrix([[1, 0, 0, 0], [0, 1, 0, 0], [0, 0, 1, 2], [0, 0, 0, 1]]) {
				multmatrix([[0, -1, 0, 0], [0, 0, 1, 0], [-1, 0, 0, 0], [0, 0, 0, 1]]) {
					cylinder($fn = 100, $fa = 12, $fs = 2, h = 10, r1 = 0.25, r2 = 0.25, center = false);
				}
			}
			multmatrix([[1, 0, 0, 0], [0, 1, 0, 0], [0, 0, 1, 2], [0, 0, 0, 1]]) {
				multmatrix([[0, -0.951057, -0.309017, 0], [0, -0.309017, 0.951057, 0], [-1, 0, 0, 0], [0, 0, 0, 1]]) {
					cylinder($fn = 100, $fa = 12, $fs = 2, h = 10, r1 = 0.25, r2 = 0.25, center = false);
				}
			}
			multmatrix([[1, 0, 0, 0], [0, 1, 0, 0], [0, 0, 1, 2], [0, 0, 0, 1]]) {
				multmatrix([[0, -0.809017, -0.587785, 0], [0, -0.587785, 0.809017, 0], [-1, 0, 0, 0], [0, 0, 0, 1]]) {
					cylinder($fn = 100, $fa = 12, $fs = 2, h = 10, r1 = 0.25, r2 = 0.25, center = false);
				}
			}
			multmatrix([[1, 0, 0, 0], [0, 1, 0, 0], [0, 0, 1, 2], [0, 0, 0, 1]]) {
				multmatrix([[0, -0.587785, -0.809017, 0], [0, -0.809017, 0.587785, 0], [-1, 0, 0, 0], [0, 0, 0, 1]]) {
					cylinder($fn = 100, $fa = 12, $fs = 2, h = 10, r1 = 0.25, r2 = 0.25, center = false);
				}
			}
			multmatrix([[1, 0, 0, 0], [0, 1, 0, 0], [0, 0, 1, 2], [0, 0, 0, 1]]) {
				multmatrix([[0, -0.309017, -0.951057, 0], [0, -0.951057, 0.309017, 0], [-1, 0, 0, 0], [0, 0, 0, 1]]) {
					cylinder($fn = 100, $fa = 12, $fs = 2, h = 10, r1 = 0.25, r2 = 0.25, center = false);
				}
			}
			multmatrix([[1, 0, 0, 0], [0, 1, 0, 0], [0, 0, 1, 2], [0, 0, 0, 1]]) {
				multmatrix([[0, 0, -1, 0], [0, -1, 0, 0], [-1, 0, 0, 0], [0, 0, 0, 1]]) {
					cylinder($fn = 100, $fa = 12, $fs = 2, h = 10, r1 = 0.25, r2 = 0.25, center = false);
				}
			}
			multmatrix([[1, 0, 0, 0], [0, 1, 0, 0], [0, 0, 1, 2], [0, 0, 0, 1]]) {
				multmatrix([[0, 0.309017, -0.951057, 0], [0, -0.951057, -0.309017, 0], [-1, 0, 0, 0], [0, 0, 0, 1]]) {
					cylinder($fn = 100, $fa = 12, $fs = 2, h = 10, r1 = 0.25, r2 = 0.25, center = false);
				}
			}
			multmatrix([[1, 0, 0, 0], [0, 1, 0, 0], [0, 0, 1, 2], [0, 0, 0, 1]]) {
				multmatrix([[0, 0.587785, -0.809017, 0], [0, -0.809017, -0.587785, 0], [-1, 0, 0, 0], [0, 0, 0, 1]]) {
					cylinder($fn = 100, $fa = 12, $fs = 2, h = 10, r1 = 0.25, r2 = 0.25, center = false);
				}
			}
			multmatrix([[1, 0, 0, 0], [0, 1, 0, 0], [0, 0, 1, 2], [0, 0, 0, 1]]) {
				multmatrix([[0, 0.809017, -0.587785, 0], [0, -0.587785, -0.809017, 0], [-1, 0, 0, 0], [0, 0, 0, 1]]) {
					cylinder($fn = 100, $fa = 12, $fs = 2, h = 10, r1 = 0.25, r2 = 0.25, center = false);
				}
			}
			multmatrix([[1, 0, 0, 0], [0, 1, 0, 0], [0, 0, 1, 2], [0, 0, 0, 1]]) {
				multmatrix([[0, 0.951057, -0.309017, 0], [0, -0.309017, -0.951057, 0], [-1, 0, 0, 0], [0, 0, 0, 1]]) {
					cylinder($fn = 100, $fa = 12, $fs = 2, h = 10, r1 = 0.25, r2 = 0.25, center = false);
				}
			}
			multmatrix([[1, 0, 0, 0], [0, 1, 0, 0], [0, 0, 1, 2], [0, 0, 0, 1]]) {
				multmatrix([[0, 1, 0, 0], [0, 0, -1, 0], [-1, 0, 0, 0], [0, 0, 0, 1]]) {
					cylinder($fn = 100, $fa = 12, $fs = 2, h = 10, r1 = 0.25, r2 = 0.25, center = false);
				}
			}
			multmatrix([[1, 0, 0, 0], [0, 1, 0, 0], [0, 0, 1, 2], [0, 0, 0, 1]]) {
				multmatrix([[0, 0.951057, 0.309017, 0], [0, 0.309017, -0.951057, 0], [-1, 0, 0, 0], [0, 0, 0, 1]]) {
					cylinder($fn = 100, $fa = 12, $fs = 2, h = 10, r1 = 0.25, r2 = 0.25, center = false);
				}
			}
			multmatrix([[1, 0, 0, 0], [0, 1, 0, 0], [0, 0, 1, 2], [0, 0, 0, 1]]) {
				multmatrix([[0, 0.809017, 0.587785, 0], [0, 0.587785, -0.809017, 0], [-1, 0, 0, 0], [0, 0, 0, 1]]) {
					cylinder($fn = 100, $fa = 12, $fs = 2, h = 10, r1 = 0.25, r2 = 0.25, center = false);
				}
			}
			multmatrix([[1, 0, 0, 0], [0, 1, 0, 0], [0, 0, 1, 2], [0, 0, 0, 1]]) {
				multmatrix([[0, 0.587785, 0.809017, 0], [0, 0.809017, -0.587785, 0], [-1, 0, 0, 0], [0, 0, 0, 1]]) {
					cylinder($fn = 100, $fa = 12, $fs = 2, h = 10, r1 = 0.25, r2 = 0.25, center = false);
				}
			}
			multmatrix([[1, 0, 0, 0], [0, 1, 0, 0], [0, 0, 1, 2], [0, 0, 0, 1]]) {
				multmatrix([[0, 0.309017, 0.951057, 0], [0, 0.951057, -0.309017, 0], [-1, 0, 0, 0], [0, 0, 0, 1]]) {
					cylinder($fn = 100, $fa = 12, $fs = 2, h = 10, r1 = 0.25, r2 = 0.25, center = false);
				}
			}
			multmatrix([[1, 0, 0, 0], [0, 1, 0, 0], [0, 0, 1, 2], [0, 0, 0, 1]]) {
				multmatrix([[0, 0, 1, 0], [0, 1, 0, 0], [-1, 0, 0, 0], [0, 0, 0, 1]]) {
					cylinder($fn = 100, $fa = 12, $fs = 2, h = 10, r1 = 0.25, r2 = 0.25, center = false);
				}
			}
		}
		group() {
			multmatrix([[1, 0, 0, 0], [0, 1, 0, 0], [0, 0, 1, 3], [0, 0, 0, 1]]) {
				multmatrix([[0, 0, 1, 0], [0, 1, 0, 0], [-1, 0, 0, 0], [0, 0, 0, 1]]) {
					cylinder($fn = 100, $fa = 12, $fs = 2, h = 10, r1 = 0.25, r2 = 0.25, center = false);
				}
			}
			multmatrix([[1, 0, 0, 0], [0, 1, 0, 0], [0, 0, 1, 3], [0, 0, 0, 1]]) {
				multmatrix([[0, -0.309017, 0.951057, 0], [0, 0.951057, 0.309017, 0], [-1, 0, 0, 0], [0, 0, 0, 1]]) {
					cylinder($fn = 100, $fa = 12, $fs = 2, h = 10, r1 = 0.25, r2 = 0.25, center = false);
				}
			}
			multmatrix([[1, 0, 0, 0], [0, 1, 0, 0], [0, 0, 1, 3], [0, 0, 0, 1]]) {
				multmatrix([[0, -0.587785, 0.809017, 0], [0, 0.809017, 0.587785, 0], [-1, 0, 0, 0], [0, 0, 0, 1]]) {
					cylinder($fn = 100, $fa = 12, $fs = 2, h = 10, r1 = 0.25, r2 = 0.25, center = false);
				}
			}
			multmatrix([[1, 0, 0, 0], [0, 1, 0, 0], [0, 0, 1, 3], [0, 0, 0, 1]]) {
				multmatrix([[0, -0.809017, 0.587785, 0], [0, 0.587785, 0.809017, 0], [-1, 0, 0, 0], [0, 0, 0, 1]]) {
					cylinder($fn = 100, $fa = 12, $fs = 2, h = 10, r1 = 0.25, r2 = 0.25, center = false);
				}
			}
			multmatrix([[1, 0, 0, 0], [0, 1, 0, 0], [0, 0, 1, 3], [0, 0, 0, 1]]) {
				multmatrix([[0, -0.951057, 0.309017, 0], [0, 0.309017, 0.951057, 0], [-1, 0, 0, 0], [0, 0, 0, 1]]) {
					cylinder($fn = 100, $fa = 12, $fs = 2, h = 10, r1 = 0.25, r2 = 0.25, center = false);
				}
			}
			multmatrix([[1, 0, 0, 0], [0, 1, 0, 0], [0, 0, 1, 3], [0, 0, 0, 1]]) {
				multmatrix([[0, -1, 0, 0], [0, 0, 1, 0], [-1, 0, 0, 0], [0, 0, 0, 1]]) {
					cylinder($fn = 100, $fa = 12, $fs = 2, h = 10, r1 = 0.25, r2 = 0.25, center = false);
				}
			}
			multmatrix([[1, 0, 0, 0], [0, 1, 0, 0], [0, 0, 1, 3], [0, 0, 0, 1]]) {
				multmatrix([[0, -0.951057, -0.309017, 0], [0, -0.309017, 0.951057, 0], [-1, 0, 0, 0], [0, 0, 0, 1]]) {
					cylinder($fn = 100, $fa = 12, $fs = 2, h = 10, r1 = 0.25, r2 = 0.25, center = false);
				}
			}
			multmatrix([[1, 0, 0, 0], [0, 1, 0, 0], [0, 0, 1, 3], [0, 0, 0, 1]]) {
				multmatrix([[0, -0.809017, -0.587785, 0], [0, -0.587785, 0.809017, 0], [-1, 0, 0, 0], [0, 0, 0, 1]]) {
					cylinder($fn = 100, $fa = 12, $fs = 2, h = 10, r1 = 0.25, r2 = 0.25, center = false);
				}
			}
			multmatrix([[1, 0, 0, 0], [0, 1, 0, 0], [0, 0, 1, 3], [0, 0, 0, 1]]) {
				multmatrix([[0, -0.587785, -0.809017, 0], [0, -0.809017, 0.587785, 0], [-1, 0, 0, 0], [0, 0, 0, 1]]) {
					cylinder($fn = 100, $fa = 12, $fs = 2, h = 10, r1 = 0.25, r2 = 0.25, center = false);
				}
			}
			multmatrix([[1, 0, 0, 0], [0, 1, 0, 0], [0, 0, 1, 3], [0, 0, 0, 1]]) {
				multmatrix([[0, -0.309017, -0.951057, 0], [0, -0.951057, 0.309017, 0], [-1, 0, 0, 0], [0, 0, 0, 1]]) {
					cylinder($fn = 100, $fa = 12, $fs = 2, h = 10, r1 = 0.25, r2 = 0.25, center = false);
				}
			}
			multmatrix([[1, 0, 0, 0], [0, 1, 0, 0], [0, 0, 1, 3], [0, 0, 0, 1]]) {
				multmatrix([[0, 0, -1, 0], [0, -1, 0, 0], [-1, 0, 0, 0], [0, 0, 0, 1]]) {
					cylinder($fn = 100, $fa = 12, $fs = 2, h = 10, r1 = 0.25, r2 = 0.25, center = false);
				}
			}
			multmatrix([[1, 0, 0, 0], [0, 1, 0, 0], [0, 0, 1, 3], [0, 0, 0, 1]]) {
				multmatrix([[0, 0.309017, -0.951057, 0], [0, -0.951057, -0.309017, 0], [-1, 0, 0, 0], [0, 0, 0, 1]]) {
					cylinder($fn = 100, $fa = 12, $fs = 2, h = 10, r1 = 0.25, r2 = 0.25, center = false);
				}
			}
			multmatrix([[1, 0, 0, 0], [0, 1, 0, 0], [0, 0, 1, 3], [0, 0, 0, 1]]) {
				multmatrix([[0, 0.587785, -0.809017, 0], [0, -0.809017, -0.587785, 0], [-1, 0, 0, 0], [0, 0, 0, 1]]) {
					cylinder($fn = 100, $fa = 12, $fs = 2, h = 10, r1 = 0.25, r2 = 0.25, center = false);
				}
			}
			multmatrix([[1, 0, 0, 0], [0, 1, 0, 0], [0, 0, 1, 3], [0, 0, 0, 1]]) {
				multmatrix([[0, 0.809017, -0.587785, 0], [0, -0.587785, -0.809017, 0], [-1, 0, 0, 0], [0, 0, 0, 1]]) {
					cylinder($fn = 100, $fa = 12, $fs = 2, h = 10, r1 = 0.25, r2 = 0.25, center = false);
				}
			}
			multmatrix([[1, 0, 0, 0], [0, 1, 0, 0], [0, 0, 1, 3], [0, 0, 0, 1]]) {
				multmatrix([[0, 0.951057, -0.309017, 0], [0, -0.309017, -0.951057, 0], [-1, 0, 0, 0], [0, 0, 0, 1]]) {
					cylinder($fn = 100, $fa = 12, $fs = 2, h = 10, r1 = 0.25, r2 = 0.25, center = false);
				}
			}
			multmatrix([[1, 0, 0, 0], [0, 1, 0, 0], [0, 0, 1, 3], [0, 0, 0, 1]]) {
				multmatrix([[0, 1, 0, 0], [0, 0, -1, 0], [-1, 0, 0, 0], [0, 0, 0, 1]]) {
					cylinder($fn = 100, $fa = 12, $fs = 2, h = 10, r1 = 0.25, r2 = 0.25, center = false);
				}
			}
			multmatrix([[1, 0, 0, 0], [0, 1, 0, 0], [0, 0, 1, 3], [0, 0, 0, 1]]) {
				multmatrix([[0, 0.951057, 0.309017, 0], [0, 0.309017, -0.951057, 0], [-1, 0, 0, 0], [0, 0, 0, 1]]) {
					cylinder($fn = 100, $fa = 12, $fs = 2, h = 10, r1 = 0.25, r2 = 0.25, center = false);
				}
			}
			multmatrix([[1, 0, 0, 0], [0, 1, 0, 0], [0, 0, 1, 3], [0, 0, 0, 1]]) {
				multmatrix([[0, 0.809017, 0.587785, 0], [0, 0.587785, -0.809017, 0], [-1, 0, 0, 0], [0, 0, 0, 1]]) {
					cylinder($fn = 100, $fa = 12, $fs = 2, h = 10, r1 = 0.25, r2 = 0.25, center = false);
				}
			}
			multmatrix([[1, 0, 0, 0], [0, 1, 0, 0], [0, 0, 1, 3], [0, 0, 0, 1]]) {
				multmatrix([[0, 0.587785, 0.809017, 0], [0, 0.809017, -0.587785, 0], [-1, 0, 0, 0], [0, 0, 0, 1]]) {
					cylinder($fn = 100, $fa = 12, $fs = 2, h = 10, r1 = 0.25, r2 = 0.25, center = false);
				}
			}
			multmatrix([[1, 0, 0, 0], [0, 1, 0, 0], [0, 0, 1, 3], [0, 0, 0, 1]]) {
				multmatrix([[0, 0.309017, 0.951057, 0], [0, 0.951057, -0.309017, 0], [-1, 0, 0, 0], [0, 0, 0, 1]]) {
					cylinder($fn = 100, $fa = 12, $fs = 2, h = 10, r1 = 0.25, r2 = 0.25, center = false);
				}
			}
			multmatrix([[1, 0, 0, 0], [0, 1, 0, 0], [0, 0, 1, 3], [0, 0, 0, 1]]) {
				multmatrix([[0, 0, 1, 0], [0, 1, 0, 0], [-1, 0, 0, 0], [0, 0, 0, 1]]) {
					cylinder($fn = 100, $fa = 12, $fs = 2, h = 10, r1 = 0.25, r2 = 0.25, center = false);
				}
			}
		}
		group() {
			multmatrix([[1, 0, 0, 0], [0, 1, 0, 0], [0, 0, 1, 4], [0, 0, 0, 1]]) {
				multmatrix([[0, 0, 1, 0], [0, 1, 0, 0], [-1, 0, 0, 0], [0, 0, 0, 1]]) {
					cylinder($fn = 100, $fa = 12, $fs = 2, h = 10, r1 = 0.25, r2 = 0.25, center = false);
				}
			}
			multmatrix([[1, 0, 0, 0], [0, 1, 0, 0], [0, 0, 1, 4], [0, 0, 0, 1]]) {
				multmatrix([[0, -0.309017, 0.951057, 0], [0, 0.951057, 0.309017, 0], [-1, 0, 0, 0], [0, 0, 0, 1]]) {
					cylinder($fn = 100, $fa = 12, $fs = 2, h = 10, r1 = 0.25, r2 = 0.25, center = false);
				}
			}
			multmatrix([[1, 0, 0, 0], [0, 1, 0, 0], [0, 0, 1, 4], [0, 0, 0, 1]]) {
				multmatrix([[0, -0.587785, 0.809017, 0], [0, 0.809017, 0.587785, 0], [-1, 0, 0, 0], [0, 0, 0, 1]]) {
					cylinder($fn = 100, $fa = 12, $fs = 2, h = 10, r1 = 0.25, r2 = 0.25, center = false);
				}
			}
			multmatrix([[1, 0, 0, 0], [0, 1, 0, 0], [0, 0, 1, 4], [0, 0, 0, 1]]) {
				multmatrix([[0, -0.809017, 0.587785, 0], [0, 0.587785, 0.809017, 0], [-1, 0, 0, 0], [0, 0, 0, 1]]) {
					cylinder($fn = 100, $fa = 12, $fs = 2, h = 10, r1 = 0.25, r2 = 0.25, center = false);
				}
			}
			multmatrix([[1, 0, 0, 0], [0, 1, 0, 0], [0, 0, 1, 4], [0, 0, 0, 1]]) {
				multmatrix([[0, -0.951057, 0.309017, 0], [0, 0.309017, 0.951057, 0], [-1, 0, 0, 0], [0, 0, 0, 1]]) {
					cylinder($fn = 100, $fa = 12, $fs = 2, h = 10, r1 = 0.25, r2 = 0.25, center = false);
				}
			}
			multmatrix([[1, 0, 0, 0], [0, 1, 0, 0], [0, 0, 1, 4], [0, 0, 0, 1]]) {
				multmatrix([[0, -1, 0, 0], [0, 0, 1, 0], [-1, 0, 0, 0], [0, 0, 0, 1]]) {
					cylinder($fn = 100, $fa = 12, $fs = 2, h = 10, r1 = 0.25, r2 = 0.25, center = false);
				}
			}
			multmatrix([[1, 0, 0, 0], [0, 1, 0, 0], [0, 0, 1, 4], [0, 0, 0, 1]]) {
				multmatrix([[0, -0.951057, -0.309017, 0], [0, -0.309017, 0.951057, 0], [-1, 0, 0, 0], [0, 0, 0, 1]]) {
					cylinder($fn = 100, $fa = 12, $fs = 2, h = 10, r1 = 0.25, r2 = 0.25, center = false);
				}
			}
			multmatrix([[1, 0, 0, 0], [0, 1, 0, 0], [0, 0, 1, 4], [0, 0, 0, 1]]) {
				multmatrix([[0, -0.809017, -0.587785, 0], [0, -0.587785, 0.809017, 0], [-1, 0, 0, 0], [0, 0, 0, 1]]) {
					cylinder($fn = 100, $fa = 12, $fs = 2, h = 10, r1 = 0.25, r2 = 0.25, center = false);
				}
			}
			multmatrix([[1, 0, 0, 0], [0, 1, 0, 0], [0, 0, 1, 4], [0, 0, 0, 1]]) {
				multmatrix([[0, -0.587785, -0.809017, 0], [0, -0.809017, 0.587785, 0], [-1, 0, 0, 0], [0, 0, 0, 1]]) {
					cylinder($fn = 100, $fa = 12, $fs = 2, h = 10, r1 = 0.25, r2 = 0.25, center = false);
				}
			}
			multmatrix([[1, 0, 0, 0], [0, 1, 0, 0], [0, 0, 1, 4], [0, 0, 0, 1]]) {
				multmatrix([[0, -0.309017, -0.951057, 0], [0, -0.951057, 0.309017, 0], [-1, 0, 0, 0], [0, 0, 0, 1]]) {
					cylinder($fn = 100, $fa = 12, $fs = 2, h = 10, r1 = 0.25, r2 = 0.25, center = false);
				}
			}
			multmatrix([[1, 0, 0, 0], [0, 1, 0, 0], [0, 0, 1, 4], [0, 0, 0, 1]]) {
				multmatrix([[0, 0, -1, 0], [0, -1, 0, 0], [-1, 0, 0, 0], [0, 0, 0, 1]]) {
					cylinder($fn = 100, $fa = 12, $fs = 2, h = 10, r1 = 0.25, r2 = 0.25, center = false);
				}
			}
			multmatrix([[1, 0, 0, 0], [0, 1, 0, 0], [0, 0, 1, 4], [0, 0, 0, 1]]) {
				multmatrix([[0, 0.309017, -0.951057, 0], [0, -0.951057, -0.309017, 0], [-1, 0, 0, 0], [0, 0, 0, 1]]) {
					cylinder($fn = 100, $fa = 12, $fs = 2, h = 10, r1 = 0.25, r2 = 0.25, center = false);
				}
			}
			multmatrix([[1, 0, 0, 0], [0, 1, 0, 0], [0, 0, 1, 4], [0, 0, 0, 1]]) {
				multmatrix([[0, 0.587785, -0.809017, 0], [0, -0.809017, -0.587785, 0], [-1, 0, 0, 0], [0, 0, 0, 1]]) {
					cylinder($fn = 100, $fa = 12, $fs = 2, h = 10, r1 = 0.25, r2 = 0.25, center = false);
				}
			}
			multmatrix([[1, 0, 0, 0], [0, 1, 0, 0], [0, 0, 1, 4], [0, 0, 0, 1]]) {
				multmatrix([[0, 0.809017, -0.587785, 0], [0, -0.587785, -0.809017, 0], [-1, 0, 0, 0], [0, 0, 0, 1]]) {
					cylinder($fn = 100, $fa = 12, $fs = 2, h = 10, r1 = 0.25, r2 = 0.25, center = false);
				}
			}
			multmatrix([[1, 0, 0, 0], [0, 1, 0, 0], [0, 0, 1, 4], [0, 0, 0, 1]]) {
				multmatrix([[0, 0.951057, -0.309017, 0], [0, -0.309017, -0.951057, 0], [-1, 0, 0, 0], [0, 0, 0, 1]]) {
					cylinder($fn = 100, $fa = 12, $fs = 2, h = 10, r1 = 0.25, r2 = 0.25, center = false);
				}
			}
			multmatrix([[1, 0, 0, 0], [0, 1, 0, 0], [0, 0, 1, 4], [0, 0, 0, 1]]) {
				multmatrix([[0, 1, 0, 0], [0, 0, -1, 0], [-1, 0, 0, 0], [0, 0, 0, 1]]) {
					cylinder($fn = 100, $fa = 12, $fs = 2, h = 10, r1 = 0.25, r2 = 0.25, center = false);
				}
			}
			multmatrix([[1, 0, 0, 0], [0, 1, 0, 0], [0, 0, 1, 4], [0, 0, 0, 1]]) {
				multmatrix([[0, 0.951057, 0.309017, 0], [0, 0.309017, -0.951057, 0], [-1, 0, 0, 0], [0, 0, 0, 1]]) {
					cylinder($fn = 100, $fa = 12, $fs = 2, h = 10, r1 = 0.25, r2 = 0.25, center = false);
				}
			}
			multmatrix([[1, 0, 0, 0], [0, 1, 0, 0], [0, 0, 1, 4], [0, 0, 0, 1]]) {
				multmatrix([[0, 0.809017, 0.587785, 0], [0, 0.587785, -0.809017, 0], [-1, 0, 0, 0], [0, 0, 0, 1]]) {
					cylinder($fn = 100, $fa = 12, $fs = 2, h = 10, r1 = 0.25, r2 = 0.25, center = false);
				}
			}
			multmatrix([[1, 0, 0, 0], [0, 1, 0, 0], [0, 0, 1, 4], [0, 0, 0, 1]]) {
				multmatrix([[0, 0.587785, 0.809017, 0], [0, 0.809017, -0.587785, 0], [-1, 0, 0, 0], [0, 0, 0, 1]]) {
					cylinder($fn = 100, $fa = 12, $fs = 2, h = 10, r1 = 0.25, r2 = 0.25, center = false);
				}
			}
			multmatrix([[1, 0, 0, 0], [0, 1, 0, 0], [0, 0, 1, 4], [0, 0, 0, 1]]) {
				multmatrix([[0, 0.309017, 0.951057, 0], [0, 0.951057, -0.309017, 0], [-1, 0, 0, 0], [0, 0, 0, 1]]) {
					cylinder($fn = 100, $fa = 12, $fs = 2, h = 10, r1 = 0.25, r2 = 0.25, center = false);
				}
			}
			multmatrix([[1, 0, 0, 0], [0, 1, 0, 0], [0, 0, 1, 4], [0, 0, 0, 1]]) {
				multmatrix([[0, 0, 1, 0], [0, 1, 0, 0], [-1, 0, 0, 0], [0, 0, 0, 1]]) {
					cylinder($fn = 100, $fa = 12, $fs = 2, h = 10, r1 = 0.25, r2 = 0.25, center = false);
				}
			}
		}
		group() {
			multmatrix([[1, 0, 0, 0], [0, 1, 0, 0], [0, 0, 1, 5], [0, 0, 0, 1]]) {
				multmatrix([[0, 0, 1, 0], [0, 1, 0, 0], [-1, 0, 0, 0], [0, 0, 0, 1]]) {
					cylinder($fn = 100, $fa = 12, $fs = 2, h = 10, r1 = 0.25, r2 = 0.25, center = false);
				}
			}
			multmatrix([[1, 0, 0, 0], [0, 1, 0, 0], [0, 0, 1, 5], [0, 0, 0, 1]]) {
				multmatrix([[0, -0.309017, 0.951057, 0], [0, 0.951057, 0.309017, 0], [-1, 0, 0, 0], [0, 0, 0, 1]]) {
					cylinder($fn = 100, $fa = 12, $fs = 2, h = 10, r1 = 0.25, r2 = 0.25, center = false);
				}
			}
			multmatrix([[1, 0, 0, 0], [0, 1, 0, 0], [0, 0, 1, 5], [0, 0, 0, 1]]) {
				multmatrix([[0, -0.587785, 0.809017, 0], [0, 0.809017, 0.587785, 0], [-1, 0, 0, 0], [0, 0, 0, 1]]) {
					cylinder($fn = 100, $fa = 12, $fs = 2, h = 10, r1 = 0.25, r2 = 0.25, center = false);
				}
			}
			multmatrix([[1, 0, 0, 0], [0, 1, 0, 0], [0, 0, 1, 5], [0, 0, 0, 1]]) {
				multmatrix([[0, -0.809017, 0.587785, 0], [0, 0.587785, 0.809017, 0], [-1, 0, 0, 0], [0, 0, 0, 1]]) {
					cylinder($fn = 100, $fa = 12, $fs = 2, h = 10, r1 = 0.25, r2 = 0.25, center = false);
				}
			}
			multmatrix([[1, 0, 0, 0], [0, 1, 0, 0], [0, 0, 1, 5], [0, 0, 0, 1]]) {
				multmatrix([[0, -0.951057, 0.309017, 0], [0, 0.309017, 0.951057, 0], [-1, 0, 0, 0], [0, 0, 0, 1]]) {
					cylinder($fn = 100, $fa = 12, $fs = 2, h = 10, r1 = 0.25, r2 = 0.25, center = false);
				}
			}
			multmatrix([[1, 0, 0, 0], [0, 1, 0, 0], [0, 0, 1, 5], [0, 0, 0, 1]]) {
				multmatrix([[0, -1, 0, 0], [0, 0, 1, 0], [-1, 0, 0, 0], [0, 0, 0, 1]]) {
					cylinder($fn = 100, $fa = 12, $fs = 2, h = 10, r1 = 0.25, r2 = 0.25, center = false);
				}
			}
			multmatrix([[1, 0, 0, 0], [0, 1, 0, 0], [0, 0, 1, 5], [0, 0, 0, 1]]) {
				multmatrix([[0, -0.951057, -0.309017, 0], [0, -0.309017, 0.951057, 0], [-1, 0, 0, 0], [0, 0, 0, 1]]) {
					cylinder($fn = 100, $fa = 12, $fs = 2, h = 10, r1 = 0.25, r2 = 0.25, center = false);
				}
			}
			multmatrix([[1, 0, 0, 0], [0, 1, 0, 0], [0, 0, 1, 5], [0, 0, 0, 1]]) {
				multmatrix([[0, -0.809017, -0.587785, 0], [0, -0.587785, 0.809017, 0], [-1, 0, 0, 0], [0, 0, 0, 1]]) {
					cylinder($fn = 100, $fa = 12, $fs = 2, h = 10, r1 = 0.25, r2 = 0.25, center = false);
				}
			}
			multmatrix([[1, 0, 0, 0], [0, 1, 0, 0], [0, 0, 1, 5], [0, 0, 0, 1]]) {
				multmatrix([[0, -0.587785, -0.809017, 0], [0, -0.809017, 0.587785, 0], [-1, 0, 0, 0], [0, 0, 0, 1]]) {
					cylinder($fn = 100, $fa = 12, $fs = 2, h = 10, r1 = 0.25, r2 = 0.25, center = false);
				}
			}
			multmatrix([[1, 0, 0, 0], [0, 1, 0, 0], [0, 0, 1, 5], [0, 0, 0, 1]]) {
				multmatrix([[0, -0.309017, -0.951057, 0], [0, -0.951057, 0.309017, 0], [-1, 0, 0, 0], [0, 0, 0, 1]]) {
					cylinder($fn = 100, $fa = 12, $fs = 2, h = 10, r1 = 0.25, r2 = 0.25, center = false);
				}
			}
			multmatrix([[1, 0, 0, 0], [0, 1, 0, 0], [0, 0, 1, 5], [0, 0, 0, 1]]) {
				multmatrix([[0, 0, -1, 0], [0, -1, 0, 0], [-1, 0, 0, 0], [0, 0, 0, 1]]) {
					cylinder($fn = 100, $fa = 12, $fs = 2, h = 10, r1 = 0.25, r2 = 0.25, center = false);
				}
			}
			multmatrix([[1, 0, 0, 0], [0, 1, 0, 0], [0, 0, 1, 5], [0, 0, 0, 1]]) {
				multmatrix([[0, 0.309017, -0.951057, 0], [0, -0.951057, -0.309017, 0], [-1, 0, 0, 0], [0, 0, 0, 1]]) {
					cylinder($fn = 100, $fa = 12, $fs = 2, h = 10, r1 = 0.25, r2 = 0.25, center = false);
				}
			}
			multmatrix([[1, 0, 0, 0], [0, 1, 0, 0], [0, 0, 1, 5], [0, 0, 0, 1]]) {
				multmatrix([[0, 0.587785, -0.809017, 0], [0, -0.809017, -0.587785, 0], [-1, 0, 0, 0], [0, 0, 0, 1]]) {
					cylinder($fn = 100, $fa = 12, $fs = 2, h = 10, r1 = 0.25, r2 = 0.25, center = false);
				}
			}
			multmatrix([[1, 0, 0, 0], [0, 1, 0, 0], [0, 0, 1, 5], [0, 0, 0, 1]]) {
				multmatrix([[0, 0.809017, -0.587785, 0], [0, -0.587785, -0.809017, 0], [-1, 0, 0, 0], [0, 0, 0, 1]]) {
					cylinder($fn = 100, $fa = 12, $fs = 2, h = 10, r1 = 0.25, r2 = 0.25, center = false);
				}
			}
			multmatrix([[1, 0, 0, 0], [0, 1, 0, 0], [0, 0, 1, 5], [0, 0, 0, 1]]) {
				multmatrix([[0, 0.951057, -0.309017, 0], [0, -0.309017, -0.951057, 0], [-1, 0, 0, 0], [0, 0, 0, 1]]) {
					cylinder($fn = 100, $fa = 12, $fs = 2, h = 10, r1 = 0.25, r2 = 0.25, center = false);
				}
			}
			multmatrix([[1, 0, 0, 0], [0, 1, 0, 0], [0, 0, 1, 5], [0, 0, 0, 1]]) {
				multmatrix([[0, 1, 0, 0], [0, 0, -1, 0], [-1, 0, 0, 0], [0, 0, 0, 1]]) {
					cylinder($fn = 100, $fa = 12, $fs = 2, h = 10, r1 = 0.25, r2 = 0.25, center = false);
				}
			}
			multmatrix([[1, 0, 0, 0], [0, 1, 0, 0], [0, 0, 1, 5], [0, 0, 0, 1]]) {
				multmatrix([[0, 0.951057, 0.309017, 0], [0, 0.309017, -0.951057, 0], [-1, 0, 0, 0], [0, 0, 0, 1]]) {
					cylinder($fn = 100, $fa = 12, $fs = 2, h = 10, r1 = 0.25, r2 = 0.25, center = false);
				}
			}
			multmatrix([[1, 0, 0, 0], [0, 1, 0, 0], [0, 0, 1, 5], [0, 0, 0, 1]]) {
				multmatrix([[0, 0.809017, 0.587785, 0], [0, 0.587785, -0.809017, 0], [-1, 0, 0, 0], [0, 0, 0, 1]]) {
					cylinder($fn = 100, $fa = 12, $fs = 2, h = 10, r1 = 0.25, r2 = 0.25, center = false);
				}
			}
			multmatrix([[1, 0, 0, 0], [0, 1, 0, 0], [0, 0, 1, 5], [0, 0, 0, 1]]) {
				multmatrix([[0, 0.587785, 0.809017, 0], [0, 0.809017, -0.587785, 0], [-1, 0, 0, 0], [0, 0, 0, 1]]) {
					cylinder($fn = 100, $fa = 12, $fs = 2, h = 10, r1 = 0.25, r2 = 0.25, center = false);
				}
			}
			multmatrix([[1, 0, 0, 0], [0, 1, 0, 0], [0, 0, 1, 5], [0, 0, 0, 1]]) {
				multmatrix([[0, 0.309017, 0.951057, 0], [0, 0.951057, -0.309017, 0], [-1, 0, 0, 0], [0, 0, 0, 1]]) {
					cylinder($fn = 100, $fa = 12, $fs = 2, h = 10, r1 = 0.25, r2 = 0.25, center = false);
				}
			}
			multmatrix([[1, 0, 0, 0], [0, 1, 0, 0], [0, 0, 1, 5], [0, 0, 0, 1]]) {
				multmatrix([[0, 0, 1, 0], [0, 1, 0, 0], [-1, 0, 0, 0], [0, 0, 0, 1]]) {
					cylinder($fn = 100, $fa = 12, $fs = 2, h = 10, r1 = 0.25, r2 = 0.25, center = false);
				}
			}
		}
		group() {
			multmatrix([[1, 0, 0, 0], [0, 1, 0, 0], [0, 0, 1, 6], [0, 0, 0, 1]]) {
				multmatrix([[0, 0, 1, 0], [0, 1, 0, 0], [-1, 0, 0, 0], [0, 0, 0, 1]]) {
					cylinder($fn = 100, $fa = 12, $fs = 2, h = 10, r1 = 0.25, r2 = 0.25, center = false);
				}
			}
			multmatrix([[1, 0, 0, 0], [0, 1, 0, 0], [0, 0, 1, 6], [0, 0, 0, 1]]) {
				multmatrix([[0, -0.309017, 0.951057, 0], [0, 0.951057, 0.309017, 0], [-1, 0, 0, 0], [0, 0, 0, 1]]) {
					cylinder($fn = 100, $fa = 12, $fs = 2, h = 10, r1 = 0.25, r2 = 0.25, center = false);
				}
			}
			multmatrix([[1, 0, 0, 0], [0, 1, 0, 0], [0, 0, 1, 6], [0, 0, 0, 1]]) {
				multmatrix([[0, -0.587785, 0.809017, 0], [0, 0.809017, 0.587785, 0], [-1, 0, 0, 0], [0, 0, 0, 1]]) {
					cylinder($fn = 100, $fa = 12, $fs = 2, h = 10, r1 = 0.25, r2 = 0.25, center = false);
				}
			}
			multmatrix([[1, 0, 0, 0], [0, 1, 0, 0], [0, 0, 1, 6], [0, 0, 0, 1]]) {
				multmatrix([[0, -0.809017, 0.587785, 0], [0, 0.587785, 0.809017, 0], [-1, 0, 0, 0], [0, 0, 0, 1]]) {
					cylinder($fn = 100, $fa = 12, $fs = 2, h = 10, r1 = 0.25, r2 = 0.25, center = false);
				}
			}
			multmatrix([[1, 0, 0, 0], [0, 1, 0, 0], [0, 0, 1, 6], [0, 0, 0, 1]]) {
				multmatrix([[0, -0.951057, 0.309017, 0], [0, 0.309017, 0.951057, 0], [-1, 0, 0, 0], [0, 0, 0, 1]]) {
					cylinder($fn = 100, $fa = 12, $fs = 2, h = 10, r1 = 0.25, r2 = 0.25, center = false);
				}
			}
			multmatrix([[1, 0, 0, 0], [0, 1, 0, 0], [0, 0, 1, 6], [0, 0, 0, 1]]) {
				multmatrix([[0, -1, 0, 0], [0, 0, 1, 0], [-1, 0, 0, 0], [0, 0, 0, 1]]) {
					cylinder($fn = 100, $fa = 12, $fs = 2, h = 10, r1 = 0.25, r2 = 0.25, center = false);
				}
			}
			multmatrix([[1, 0, 0, 0], [0, 1, 0, 0], [0, 0, 1, 6], [0, 0, 0, 1]]) {
				multmatrix([[0, -0.951057, -0.309017, 0], [0, -0.309017, 0.951057, 0], [-1, 0, 0, 0], [0, 0, 0, 1]]) {
					cylinder($fn = 100, $fa = 12, $fs = 2, h = 10, r1 = 0.25, r2 = 0.25, center = false);
				}
			}
			multmatrix([[1, 0, 0, 0], [0, 1, 0, 0], [0, 0, 1, 6], [0, 0, 0, 1]]) {
				multmatrix([[0, -0.809017, -0.587785, 0], [0, -0.587785, 0.809017, 0], [-1, 0, 0, 0], [0, 0, 0, 1]]) {
					cylinder($fn = 100, $fa = 12, $fs = 2, h = 10, r1 = 0.25, r2 = 0.25, center = false);
				}
			}
			multmatrix([[1, 0, 0, 0], [0, 1, 0, 0], [0, 0, 1, 6], [0, 0, 0, 1]]) {
				multmatrix([[0, -0.587785, -0.809017, 0], [0, -0.809017, 0.587785, 0], [-1, 0, 0, 0], [0, 0, 0, 1]]) {
					cylinder($fn = 100, $fa = 12, $fs = 2, h = 10, r1 = 0.25, r2 = 0.25, center = false);
				}
			}
			multmatrix([[1, 0, 0, 0], [0, 1, 0, 0], [0, 0, 1, 6], [0, 0, 0, 1]]) {
				multmatrix([[0, -0.309017, -0.951057, 0], [0, -0.951057, 0.309017, 0], [-1, 0, 0, 0], [0, 0, 0, 1]]) {
					cylinder($fn = 100, $fa = 12, $fs = 2, h = 10, r1 = 0.25, r2 = 0.25, center = false);
				}
			}
			multmatrix([[1, 0, 0, 0], [0, 1, 0, 0], [0, 0, 1, 6], [0, 0, 0, 1]]) {
				multmatrix([[0, 0, -1, 0], [0, -1, 0, 0], [-1, 0, 0, 0], [0, 0, 0, 1]]) {
					cylinder($fn = 100, $fa = 12, $fs = 2, h = 10, r1 = 0.25, r2 = 0.25, center = false);
				}
			}
			multmatrix([[1, 0, 0, 0], [0, 1, 0, 0], [0, 0, 1, 6], [0, 0, 0, 1]]) {
				multmatrix([[0, 0.309017, -0.951057, 0], [0, -0.951057, -0.309017, 0], [-1, 0, 0, 0], [0, 0, 0, 1]]) {
					cylinder($fn = 100, $fa = 12, $fs = 2, h = 10, r1 = 0.25, r2 = 0.25, center = false);
				}
			}
			multmatrix([[1, 0, 0, 0], [0, 1, 0, 0], [0, 0, 1, 6], [0, 0, 0, 1]]) {
				multmatrix([[0, 0.587785, -0.809017, 0], [0, -0.809017, -0.587785, 0], [-1, 0, 0, 0], [0, 0, 0, 1]]) {
					cylinder($fn = 100, $fa = 12, $fs = 2, h = 10, r1 = 0.25, r2 = 0.25, center = false);
				}
			}
			multmatrix([[1, 0, 0, 0], [0, 1, 0, 0], [0, 0, 1, 6], [0, 0, 0, 1]]) {
				multmatrix([[0, 0.809017, -0.587785, 0], [0, -0.587785, -0.809017, 0], [-1, 0, 0, 0], [0, 0, 0, 1]]) {
					cylinder($fn = 100, $fa = 12, $fs = 2, h = 10, r1 = 0.25, r2 = 0.25, center = false);
				}
			}
			multmatrix([[1, 0, 0, 0], [0, 1, 0, 0], [0, 0, 1, 6], [0, 0, 0, 1]]) {
				multmatrix([[0, 0.951057, -0.309017, 0], [0, -0.309017, -0.951057, 0], [-1, 0, 0, 0], [0, 0, 0, 1]]) {
					cylinder($fn = 100, $fa = 12, $fs = 2, h = 10, r1 = 0.25, r2 = 0.25, center = false);
				}
			}
			multmatrix([[1, 0, 0, 0], [0, 1, 0, 0], [0, 0, 1, 6], [0, 0, 0, 1]]) {
				multmatrix([[0, 1, 0, 0], [0, 0, -1, 0], [-1, 0, 0, 0], [0, 0, 0, 1]]) {
					cylinder($fn = 100, $fa = 12, $fs = 2, h = 10, r1 = 0.25, r2 = 0.25, center = false);
				}
			}
			multmatrix([[1, 0, 0, 0], [0, 1, 0, 0], [0, 0, 1, 6], [0, 0, 0, 1]]) {
				multmatrix([[0, 0.951057, 0.309017, 0], [0, 0.309017, -0.951057, 0], [-1, 0, 0, 0], [0, 0, 0, 1]]) {
					cylinder($fn = 100, $fa = 12, $fs = 2, h = 10, r1 = 0.25, r2 = 0.25, center = false);
				}
			}
			multmatrix([[1, 0, 0, 0], [0, 1, 0, 0], [0, 0, 1, 6], [0, 0, 0, 1]]) {
				multmatrix([[0, 0.809017, 0.587785, 0], [0, 0.587785, -0.809017, 0], [-1, 0, 0, 0], [0, 0, 0, 1]]) {
					cylinder($fn = 100, $fa = 12, $fs = 2, h = 10, r1 = 0.25, r2 = 0.25, center = false);
				}
			}
			multmatrix([[1, 0, 0, 0], [0, 1, 0, 0], [0, 0, 1, 6], [0, 0, 0, 1]]) {
				multmatrix([[0, 0.587785, 0.809017, 0], [0, 0.809017, -0.587785, 0], [-1, 0, 0, 0], [0, 0, 0, 1]]) {
					cylinder($fn = 100, $fa = 12, $fs = 2, h = 10, r1 = 0.25, r2 = 0.25, center = false);
				}
			}
			multmatrix([[1, 0, 0, 0], [0, 1, 0, 0], [0, 0, 1, 6], [0, 0, 0, 1]]) {
				multmatrix([[0, 0.309017, 0.951057, 0], [0, 0.951057, -0.309017, 0], [-1, 0, 0, 0], [0, 0, 0, 1]]) {
					cylinder($fn = 100, $fa = 12, $fs = 2, h = 10, r1 = 0.25, r2 = 0.25, center = false);
				}
			}
			multmatrix([[1, 0, 0, 0], [0, 1, 0, 0], [0, 0, 1, 6], [0, 0, 0, 1]]) {
				multmatrix([[0, 0, 1, 0], [0, 1, 0, 0], [-1, 0, 0, 0], [0, 0, 0, 1]]) {
					cylinder($fn = 100, $fa = 12, $fs = 2, h = 10, r1 = 0.25, r2 = 0.25, center = false);
				}
			}
		}
		group() {
			multmatrix([[1, 0, 0, 0], [0, 1, 0, 0], [0, 0, 1, 7], [0, 0, 0, 1]]) {
				multmatrix([[0, 0, 1, 0], [0, 1, 0, 0], [-1, 0, 0, 0], [0, 0, 0, 1]]) {
					cylinder($fn = 100, $fa = 12, $fs = 2, h = 10, r1 = 0.25, r2 = 0.25, center = false);
				}
			}
			multmatrix([[1, 0, 0, 0], [0, 1, 0, 0], [0, 0, 1, 7], [0, 0, 0, 1]]) {
				multmatrix([[0, -0.309017, 0.951057, 0], [0, 0.951057, 0.309017, 0], [-1, 0, 0, 0], [0, 0, 0, 1]]) {
					cylinder($fn = 100, $fa = 12, $fs = 2, h = 10, r1 = 0.25, r2 = 0.25, center = false);
				}
			}
			multmatrix([[1, 0, 0, 0], [0, 1, 0, 0], [0, 0, 1, 7], [0, 0, 0, 1]]) {
				multmatrix([[0, -0.587785, 0.809017, 0], [0, 0.809017, 0.587785, 0], [-1, 0, 0, 0], [0, 0, 0, 1]]) {
					cylinder($fn = 100, $fa = 12, $fs = 2, h = 10, r1 = 0.25, r2 = 0.25, center = false);
				}
			}
			multmatrix([[1, 0, 0, 0], [0, 1, 0, 0], [0, 0, 1, 7], [0, 0, 0, 1]]) {
				multmatrix([[0, -0.809017, 0.587785, 0], [0, 0.587785, 0.809017, 0], [-1, 0, 0, 0], [0, 0, 0, 1]]) {
					cylinder($fn = 100, $fa = 12, $fs = 2, h = 10, r1 = 0.25, r2 = 0.25, center = false);
				}
			}
			multmatrix([[1, 0, 0, 0], [0, 1, 0, 0], [0, 0, 1, 7], [0, 0, 0, 1]]) {
				multmatrix([[0, -0.951057, 0.309017, 0], [0, 0.309017, 0.951057, 0], [-1, 0, 0, 0], [0, 0, 0, 1]]) {
					cylinder($fn = 100, $fa = 12, $fs = 2, h = 10, r1 = 0.25, r2 = 0.25, center = false);
				}
			}
			multmatrix([[1, 0, 0, 0], [0, 1, 0, 0], [0, 0, 1, 7], [0, 0, 0, 1]]) {
				multmatrix([[0, -1, 0, 0], [0, 0, 1, 0], [-1, 0, 0, 0], [0, 0, 0, 1]]) {
					cylinder($fn = 100, $fa = 12, $fs = 2, h = 10, r1 = 0.25, r2 = 0.25, center = false);
				}
			}
			multmatrix([[1, 0, 0, 0], [0, 1, 0, 0], [0, 0, 1, 7], [0, 0, 0, 1]]) {
				multmatrix([[0, -0.951057, -0.309017, 0], [0, -0.309017, 0.951057, 0], [-1, 0, 0, 0], [0, 0, 0, 1]]) {
					cylinder($fn = 100, $fa = 12, $fs = 2, h = 10, r1 = 0.25, r2 = 0.25, center = false);
				}
			}
			multmatrix([[1, 0, 0, 0], [0, 1, 0, 0], [0, 0, 1, 7], [0, 0, 0, 1]]) {
				multmatrix([[0, -0.809017, -0.587785, 0], [0, -0.587785, 0.809017, 0], [-1, 0, 0, 0], [0, 0, 0, 1]]) {
					cylinder($fn = 100, $fa = 12, $fs = 2, h = 10, r1 = 0.25, r2 = 0.25, center = false);
				}
			}
			multmatrix([[1, 0, 0, 0], [0, 1, 0, 0], [0, 0, 1, 7], [0, 0, 0, 1]]) {
				multmatrix([[0, -0.587785, -0.809017, 0], [0, -0.809017, 0.587785, 0], [-1, 0, 0, 0], [0, 0, 0, 1]]) {
					cylinder($fn = 100, $fa = 12, $fs = 2, h = 10, r1 = 0.25, r2 = 0.25, center = false);
				}
			}
			multmatrix([[1, 0, 0, 0], [0, 1, 0, 0], [0, 0, 1, 7], [0, 0, 0, 1]]) {
				multmatrix([[0, -0.309017, -0.951057, 0], [0, -0.951057, 0.309017, 0], [-1, 0, 0, 0], [0, 0, 0, 1]]) {
					cylinder($fn = 100, $fa = 12, $fs = 2, h = 10, r1 = 0.25, r2 = 0.25, center = false);
				}
			}
			multmatrix([[1, 0, 0, 0], [0, 1, 0, 0], [0, 0, 1, 7], [0, 0, 0, 1]]) {
				multmatrix([[0, 0, -1, 0], [0, -1, 0, 0], [-1, 0, 0, 0], [0, 0, 0, 1]]) {
					cylinder($fn = 100, $fa = 12, $fs = 2, h = 10, r1 = 0.25, r2 = 0.25, center = false);
				}
			}
			multmatrix([[1, 0, 0, 0], [0, 1, 0, 0], [0, 0, 1, 7], [0, 0, 0, 1]]) {
				multmatrix([[0, 0.309017, -0.951057, 0], [0, -0.951057, -0.309017, 0], [-1, 0, 0, 0], [0, 0, 0, 1]]) {
					cylinder($fn = 100, $fa = 12, $fs = 2, h = 10, r1 = 0.25, r2 = 0.25, center = false);
				}
			}
			multmatrix([[1, 0, 0, 0], [0, 1, 0, 0], [0, 0, 1, 7], [0, 0, 0, 1]]) {
				multmatrix([[0, 0.587785, -0.809017, 0], [0, -0.809017, -0.587785, 0], [-1, 0, 0, 0], [0, 0, 0, 1]]) {
					cylinder($fn = 100, $fa = 12, $fs = 2, h = 10, r1 = 0.25, r2 = 0.25, center = false);
				}
			}
			multmatrix([[1, 0, 0, 0], [0, 1, 0, 0], [0, 0, 1, 7], [0, 0, 0, 1]]) {
				multmatrix([[0, 0.809017, -0.587785, 0], [0, -0.587785, -0.809017, 0], [-1, 0, 0, 0], [0, 0, 0, 1]]) {
					cylinder($fn = 100, $fa = 12, $fs = 2, h = 10, r1 = 0.25, r2 = 0.25, center = false);
				}
			}
			multmatrix([[1, 0, 0, 0], [0, 1, 0, 0], [0, 0, 1, 7], [0, 0, 0, 1]]) {
				multmatrix([[0, 0.951057, -0.309017, 0], [0, -0.309017, -0.951057, 0], [-1, 0, 0, 0], [0, 0, 0, 1]]) {
					cylinder($fn = 100, $fa = 12, $fs = 2, h = 10, r1 = 0.25, r2 = 0.25, center = false);
				}
			}
			multmatrix([[1, 0, 0, 0], [0, 1, 0, 0], [0, 0, 1, 7], [0, 0, 0, 1]]) {
				multmatrix([[0, 1, 0, 0], [0, 0, -1, 0], [-1, 0, 0, 0], [0, 0, 0, 1]]) {
					cylinder($fn = 100, $fa = 12, $fs = 2, h = 10, r1 = 0.25, r2 = 0.25, center = false);
				}
			}
			multmatrix([[1, 0, 0, 0], [0, 1, 0, 0], [0, 0, 1, 7], [0, 0, 0, 1]]) {
				multmatrix([[0, 0.951057, 0.309017, 0], [0, 0.309017, -0.951057, 0], [-1, 0, 0, 0], [0, 0, 0, 1]]) {
					cylinder($fn = 100, $fa = 12, $fs = 2, h = 10, r1 = 0.25, r2 = 0.25, center = false);
				}
			}
			multmatrix([[1, 0, 0, 0], [0, 1, 0, 0], [0, 0, 1, 7], [0, 0, 0, 1]]) {
				multmatrix([[0, 0.809017, 0.587785, 0], [0, 0.587785, -0.809017, 0], [-1, 0, 0, 0], [0, 0, 0, 1]]) {
					cylinder($fn = 100, $fa = 12, $fs = 2, h = 10, r1 = 0.25, r2 = 0.25, center = false);
				}
			}
